0.0
0.0
0.0
0.0
0.0
0.0
0.0
0.0
0.0
0.0
0.0
0.0
0.0
0.0
0.0
0.0
0.0
0.0
0.0
0.0
0.0
0.0
0.0
0.0
0.0
0.0
0.0
0.0
0.0
0.0
0.0
0.0
0.0
0.0
0.0
0.0
0.0
0.0
0.0
0.0
0.0
0.0
0.0
0.0
0.0
0.0
0.0
0.0
0.0
0.0
0.0
0.0
0.0
0.0
0.0
0.0
0.0
0.0
0.0
0.0
0.0
0.0
0.0
0.0
0.0
0.0
0.0
0.0
0.0
0.0
0.0
0.0
0.0
0.0
0.0
0.0
0.0
0.0
0.0
0.0
0.0
0.0
0.0
0.0
0.0
0.0
0.0
0.0
0.0
0.0
0.0
0.0
0.0
0.0
0.0
0.0
0.0
0.0
0.0
0.0
0.0
0.0
0.0
0.0
0.0
0.0
0.0
0.0
0.0
0.0
0.0
0.0
0.0
0.0
0.0
0.0
0.0
0.0
0.0
0.0
0.0
0.0
0.0
0.0
0.0
0.0
0.0
0.0
0.0
0.0
0.0
0.0
0.0
0.0
0.0
0.0
0.0
0.0
0.0
0.0
0.0
0.0
0.0
0.0
0.0
0.0
0.0
0.0
0.0
0.0
0.0
0.0
0.0
0.0
0.0
0.0
0.0
0.0
0.0
0.0
0.0
0.0
0.0
0.0
0.0
0.0
0.0
0.0
0.0
0.0
0.0
0.0
0.0
0.0
0.0
0.0
0.0
0.0
0.0
0.0
0.0
0.0
0.0
0.0
0.0
0.0
0.0
0.0
0.0
0.0
0.0
0.0
0.0
0.0
0.0
0.0
0.0
0.0
0.0
0.0
0.0
0.0
0.0
0.0
0.0
0.0
0.0
0.0
0.0
0.0
0.0
0.0
0.0
0.0
0.0
0.0
0.0
0.0
0.0
0.0
0.0
0.0
0.0
0.0
0.0
0.0
0.0
0.0
0.0
0.0
0.0
0.0
0.0
0.0
0.0
0.0
0.0
0.0
0.0
0.0
0.0
0.0
0.0
0.0
0.0
0.0
0.0
0.0
0.0
0.0
0.0
0.0
0.0
0.0
0.0
0.0
0.0
0.0
0.0
0.0
0.0
0.0
0.0
0.0
0.0
0.0
0.0
0.0
0.0
0.0
0.0
0.0
0.0
0.0
0.0
0.0
0.0
0.0
0.0
0.0
0.0
0.0
0.0
0.0
0.0
0.0
0.0
0.0
0.0
0.0
0.0
0.0
0.0
0.0
0.0
0.0
0.0
0.0
0.0
0.0
0.0
0.0
0.0
0.0
0.0
0.0
0.0
0.0
0.0
0.0
0.0
0.0
0.0
0.0
0.0
0.0
0.0
0.0
0.0
0.0
0.0
0.0
0.0
0.0
0.0
0.0
0.0
0.0
0.0
0.0
0.0
0.0
0.0
0.0
0.0
0.0
0.0
0.0
0.0
0.0
0.0
0.0
0.0
0.0
0.0
0.0
0.0
0.0
0.0
0.0
0.0
0.0
0.0
0.0
0.0
0.0
0.0
0.0
0.0
0.0
0.0
0.0
0.0
0.0
0.0
0.0
0.0
0.0
0.0
0.0
0.0
0.0
0.0
0.0
0.0
0.0
0.0
0.0
0.0
0.0
0.0
0.0
0.0
0.0
0.0
0.0
0.0
0.0
0.0
0.0
0.0
0.0
0.0
0.0
0.0
0.0
0.0
0.0
0.0
0.0
0.0
0.0
0.0
0.0
0.0
0.0
0.0
0.0
0.0
0.0
0.0
0.0
0.0
0.0
0.0
0.0
0.0
0.0
0.0
0.0
0.0
0.0
0.0
0.0
0.0
0.0
0.0
0.0
0.0
0.0
0.0
0.0
0.0
0.0
0.0
0.0
0.0
0.0
0.0
0.0
0.0
0.0
0.0
0.0
0.0
0.0
0.0
0.0
0.0
0.0
0.0
0.0
0.0
0.0
0.0
0.0
0.0
0.0
0.0
0.0
0.0
0.0
0.0
0.0
0.0
0.0
0.0
0.0
0.0
0.0
0.0
0.0
0.0
-16.11
-31.85
-47.74
-63.42
-79.34
-62.4
-45.92
-61.97
-77.41
-93.41
-108.82
-91.65
-107.39999999999999
-122.86999999999999
-138.40999999999997
-121.02
-136.39
-118.63999999999997
-133.91999999999996
-148.91999999999996
-130.41999999999996
-114.14999999999999
-129.07999999999998
-144.31
-160.63
-176.22000000000003
-191.38000000000005
-207.16000000000003
-221.35000000000002
-199.49000000000007
-181.38
-196.91000000000003
-212.56
-225.67000000000007
-203.75000000000006
-218.59000000000003
-233.93000000000006
-248.29000000000002
-261.45000000000005
-275.86
-290.84000000000003
-269.03000000000003
-247.70000000000005
-262.0400000000001
-242.12000000000006
-256.34000000000003
-271.07000000000005
-249.25000000000006
-262.53000000000003
-240.19000000000005
-253.57000000000005
-230.45000000000005
-246.25000000000006
-262.34000000000003
-250.75000000000006
-241.54000000000008
-248.84000000000003
-255.79000000000002
-269.02000000000004
-283.42
-297.0
-275.58000000000004
-289.53000000000003
-303.67999999999995
-277.19
-256.78000000000003
-270.40000000000003
-248.86
-229.16000000000003
-243.80000000000007
-258.94000000000005
-237.89000000000004
-252.12
-265.74000000000007
-280.91
-258.95000000000005
-236.83000000000004
-251.01000000000005
-231.62000000000006
-246.57000000000005
-262.38000000000005
-276.86
-291.14
-305.9599999999999
-319.90999999999997
-332.0
-345.55
-317.6099999999999
-332.64
-345.85999999999996
-358.49
-371.3700000000001
-385.29
-356.91
-369.46000000000004
-381.11000000000007
-394.86
-367.41
-379.97000000000014
-393.38000000000005
-406.4200000000001
-419.48
-433.38
-397.52000000000004
-370.6600000000001
-384.95000000000005
-358.24
-372.5800000000001
-385.39000000000004
-357.22
-370.9600000000001
-384.6
-353.35
-368.09000000000003
-339.71
-354.14000000000004
-369.24
-342.53000000000003
-315.59
-290.24
-303.50999999999993
-318.93999999999994
-333.73999999999995
-308.72999999999996
-296.4200000000001
-310.04999999999995
-284.21
-266.15000000000003
-246.20000000000005
-226.08999999999997
-241.01
-220.67000000000002
-235.91000000000003
-214.69
-194.98000000000008
-209.07
-224.55
-204.31
-219.16000000000003
-234.27000000000004
-248.82000000000005
-228.08999999999997
-207.01
-222.49
-202.2800000000001
-182.0400000000002
-195.75000000000006
-212.71000000000004
-220.27000000000004
-201.9500000000001
-216.75
-232.86
-248.11
-262.15000000000003
-278.68000000000006
-256.72
-271.75000000000006
-250.97000000000003
-266.68000000000006
-244.94
-259.92
-275.06000000000006
-289.57
-268.83000000000004
-249.07000000000005
-227.93
-240.35000000000002
-217.38
-235.08000000000004
-215.41000000000003
-231.26
-211.65000000000003
-226.14
-240.33000000000004
-255.44000000000005
-268.85
-281.51
-296.57000000000005
-277.05
-257.81000000000006
-235.54000000000002
-252.00000000000006
-267.1
-282.46
-261.80000000000007
-276.46000000000004
-289.40999999999997
-268.32000000000005
-284.42
-298.5300000000001
-312.16
-326.47
-298.8300000000001
-276.26000000000005
-289.63
-304.98
-319.50000000000006
-333.90000000000003
-308.46000000000004
-324.16
-339.60999999999996
-353.43000000000006
-326.71
-340.73999999999995
-354.84000000000003
-369.6
-382.57000000000005
-393.53
-403.89000000000004
-418.6599999999999
-431.30999999999995
-444.19999999999993
-457.6499999999997
-423.6799999999999
-387.46
-400.08000000000004
-366.45
-343.39000000000004
-318.19000000000005
-332.58000000000004
-305.09
-319.89000000000004
-335.42
-309.28000000000003
-319.4
-324.98
-332.0
-339.33
-325.74
-311.36
-325.15000000000003
-337.74999999999994
-351.96000000000004
-325.15000000000003
-339.56
-354.12000000000006
-330.11
-346.50000000000006
-358.85
-331.54
-345.53000000000003
-359.25
-372.5400000000001
-384.28000000000003
-397.3
-410.59999999999997
-392.73
-378.92000000000013
-363.79
-370.9800000000001
-357.39
-364.78000000000003
-372.74000000000007
-360.37
-374.18000000000006
-348.64000000000004
-363.49
-334.78000000000003
-347.19
-360.59000000000003
-373.9800000000001
-386.82
-362.05
-376.52000000000004
-389.93000000000006
-396.96000000000004
-403.7200000000001
-386.59999999999997
-372.4100000000001
-357.1
-343.95
-359.87
-374.4200000000001
-346.96999999999997
-361.73
-377.1400000000001
-353.30000000000007
-323.73
-298.03000000000003
-311.72
-326.27000000000004
-341.65000000000003
-316.43
-291.09000000000003
-305.18
-319.4
-333.24000000000007
-347.16
-361.47
-376.76000000000005
-387.57
-360.35
-374.0900000000001
-347.25000000000006
-361.92
-374.2800000000001
-388.44
-363.01
-336.08
-309.92
-324.86
-339.40000000000003
-355.36000000000007
-369.25000000000006
-340.37000000000006
-350.20000000000005
-363.29
-375.7900000000001
-390.65000000000003
-404.15
-373.4200000000001
-348.51000000000005
-364.36
-363.3
-339.82
-354.00000000000006
-368.37000000000006
-381.9800000000001
-395.6
-368.68
-341.05
-314.26000000000005
-288.03000000000003
-303.05
-317.78999999999996
-292.94000000000005
-307.63000000000005
-323.6
-337.5199999999999
-312.22
-326.77000000000004
-301.26000000000005
-275.15000000000003
-287.58000000000004
-302.43
-316.03
-331.86
-346.05
-357.53999999999996
-369.82
-382.4100000000001
-396.16999999999996
-368.65000000000003
-380.52000000000004
-352.55
-367.13
-382.11000000000007
-397.53999999999996
-410.7299999999999
-423.73999999999984
-436.18999999999994
-449.4699999999998
-411.7499999999999
-424.7099999999998
-439.4499999999999
-404.7999999999999
-418.61999999999983
-432.7599999999999
-400.69000000000005
-365.88000000000005
-379.59000000000015
-394.77000000000004
-401.91
-386.7
-375.0000000000001
-362.73
-336.48999999999995
-312.68000000000006
-323.73
-298.30000000000007
-312.48
-326.29
-341.90000000000003
-358.05
-330.96000000000004
-344.38000000000005
